690232120;NK_Wilfried;23;D;18.25;20;6
653499404;David_Leroy;17;C;15;10;17
655566712;Abena_jean;18;C;11;18;9
699651253;DIPITA_VALDEZ;17;C;18;16;15
620854252;KCJ;16;C;15;19;11
678453420;Mami;17;C;17;15;19
651763500;Vincent_Gregoire;20;C;18;13;15
655136824;TCHIBKERE_SALOMON;23;D;17;0;4
680966359;TCHINDA_Grace;22;D;07;14;15
698985834;Brice_Dylan;24;C;11.00;13.00;5.00
690514327;Jean_Dupont;28;C;16;18;14
691207856;Marie_Martin;32;D;12;10;16
690891523;Pierre_Tremblay;21;C;19;15;17
691603421;Sophie_Smith;19;D;14;16;19
690687293;Luis_Gonzalez;27;C;17;13;15
690082410;Emma_Johnson;36;D;11;19;13
690972135;Antonio_Garcia;23;C;18;14;16
691518067;Laura_Brown;31;D;13;11;18
690399724;Lucas_Martinez;20;C;20;12;14
690800623;Camille_Tremblay;42;D;15;17;19
690123456;Eva_Wilson;18;C;16;14;17
690654321;Thomas_Thompson;25;D;15;16;18
691234567;Olivia_Taylor;22;C;17;15;19
690543210;Noah_Anderson;24;D;13;14;16
690987654;Chloe_Rodriguez;26;C;18;12;15
691345678;Liam_Garcia;30;D;14;15;17
691876543;Mia_Martinez;29;C;15;13;16
690234567;Benjamin_Johnson;33;D;12;16;14
691765432;Zoe_Davis;16;C;19;11;18
690789012;Samuel_Wilson;34;D;11;15;13
691210987;Luna_Tremblay;17;C;20;10;12
690876543;Arthur_Smith;37;D;14;13;15
691321098;Mila_Thompson;35;C;18;11;14
690678901;Ryan_Taylor;40;D;13;12;16
691098765;Eleanor_Robinson;38;C;17;10;15
690456789;Leo_Garcia;39;D;15;11;13
691890123;Hannah_Davis;44;C;14;9;12
690567890;Alexander_Wilson;16;D;16;10;14
691987654;Lea_Johnson;43;C;12;12;17
690345678;Gabriel_Martin;41;D;17;9;11
691765432;Sofia_Anderson;15;C;18;10;15
690543210;Nathan_Garcia;45;D;15;11;13
691987654;Lily_Thompson;19;C;20;10;12
690876543;Ethan_Davis;23;D;18;9;14
691321098;Charlotte_Wilson;22;C;14;12;17
690678901;Louis_Smith;27;D;17;10;13
691098765;Lena_Johnson;30;C;16;9;16
690456789;Maxime_Tremblay;24;D;13;12;15
691890123;Zachary_Taylor;32;C;12;11;18
690567890;Rose_Garcia;29;D;19;10;13
691987654;Adam_Martin;18;C;17;9;14
690345678;Clara_Davis;26;D;15;10;16
691765432;Hugo_Anderson;25;C;14;11;17
690543210;Julia_Thompson;31;D;16;9;12
691987654;Mathis_Wilson;21;C;15;12;15
690876543;Sarah_Smith;33;D;14;9;11
691321098;Eliott_Johnson;20;C;19;10;14
690678901;Lina_Tremblay;28;D;13;11;12
691098765;Milan_Taylor;34;C;12;10;16
690456789;Ava_Garcia;37;D;14;9;13
